32166
41923
58670
55057
4445
22866
47586
1586
37727
1783
41196
27154
2506
2109
6078
11918
25334
30993
25591
52977
19698
33421
30609
57536
39967
47480
23503
19384
44219
17631
10584
18136
14132
6504
21658
43000
14569
48314
49050
2488
38040
33726
53124
44361
9077
44772
6915
40558
20803
23208
28169
7316
55597
56259
57456
16482
44558
55798
27643
24375
44843
54688
29325
32534
53638
944
10362
8832
26879
59589
50039
17876
41484
34142
15316
15683
14988
8076
9939
41441
36485
10601
27148
42586
31848
32163
40315
46945
28795
24816
25151
29610
54575
23710
7942
23134
54497
6432
43935
48653
6475
36306
45169
33575
42049
17372
34327
5368
50939
5670
1804
38414
44376
6800
30056
28762
43915
17539
53262
46014
19147
20476
47163
31008
15351
52459
4425
48397
47747
22122
40051
54759
30074
54729
32551
36032
16340
24067
9391
32324
42877
34476
28627
9797
55004
46655
5518
40850
4300
43967
37965
15288
28887
48013
47525
25618
28056
11256
20892
24939
33191
57456
2591
40246
28152
27553
32295
90
14787
55416
59028
15332
13734
28843
3318
40135
26289
27452
2205
24789
30057
26801
29109
21763
18910
54205
10199
19796
35243
29240
3947
32646
30133
50166
16501
18151
5470
19804
56462
42003
9081
6875
12851
36169
48622
25127
46521
12250
12993
53264
5949
42910
43035
28648
32697
55554
55727
48076
49430
22214
50458
2125
1245
8212
3508
22692
23640
32523
38812
3449
36854
29489
8512
36338
41933
46034
23433
12969
13533
16657
50840
56062
29155
53003
17275
45334
25203
46012
31964
48793
57666
55956
33989
21924
52633
18261
30471
3838
10484
56677
1893
26597
49988
48497
30653
16811
54782
55849
48103
19884
26185
56392
59054
55629
38905
48863
45471
53437
37209
37637
48177
57065
39918
15394
27631
26842
15792
33634
17385
37228
41145
50971
45085
33745
42906
9808
33657
53598
10845
19667
8983
4696
11498
56926
54642
5967
49001
27895
38249
54846
54336
58217
38721
9233
39231
1816
2769
29549
55669
34030
41751
45098
52681
29428
21300
11938
21090
35598
37341
2546
45295
39978
15833
39155
22020
14294
11632
34949
46595
57370
38139
7385
58975
28004
7768
56679
33359
37364
50179
1291
21396
2220
52097
195
28844
46220
38325
30071
11130
13713
1440
20918
38539
36617
54666
25932
20952
39626
3353
57739
5440
36559
34803
59782
19706
51039
58461
27405
46401
24251
7262
50591
58305
39863
41679
52731
55892
11391
4214
5158
1457
5394
21388
14381
28850
56006
41421
55932
12781
22737
10019
23295
39329
24833
12956
37355
120
4783
53460
1347
59285
50304
2258
25757
27337
5763
28602
27030
9642
53259
29903
57297
1968
13154
13036
29826
28277
4067
23955
54874
1777
29670
37750
49571
57955
48574
33211
13164
20945
8493
1241
34943
3041
55390
13522
52947
8678
36669
27285
22628
8800
12794
10649
59027
56810
50071
56163
19454
21268
57304
24142
32319
20981
25421
25102
52514
11755
49883
2546
20048
37745
43279
36805
46443
6353
30148
47665
56048
719
47218
16782
53646
39020
48256
40473
57943
51139
56534
11486
31075
54953
43085
46759
20094
277
27461
39810
47296
32369
17448
58333
50954
39376
14589
22874
6703
5006
49036
42809
11029
43172
36530
47813
7408
5680
3155
20385
21079
23898
4832
25575
50999
3112
6130
44578
32497
47627
51083
26018
34081
10899
34045
8018
4963
13583
41412
17236
11681
8800
7831
12495
54084
38671
59702
29028
8587
55905
28517
44884
50899
7398
7352
23500
38063
11782
34503
54761
6412
38770
50799
28609
46658
46302
38272
9028
5648
55875
38691
57588
10584
4430
32314
56633
13251
20508
22284
15739
31378
36961
18124
58748
13522
10138
3781
44154
6257
7182
5712
57198
14100
31326
9303
23266
32221
15020
30276
13733
6452
47967
20628
25947
568
39947
16648
4990
38753
1188
22188
10864
43749
25170
39929
36821
12798
128
7520
36726
30781
6603
48124
43118
50683
14567
4446
22690
11143
17935
50460
35173
35132
11520
10024
37704
47268
47169
3827
31527
13582
12295
41237
11143
601
58981
47407
33059
36575
17743
26570
17466
20286
43654
357
53984
34720
33108
28673
20504
57995
24131
40632
55071
13618
20929
38963
58834
49914
31184
10460
617
22973
46276
30042
18110
25553
26434
49069
59223
31040
3882
46301
49764
8343
56765
38802
836
5008
5320
54903
52090
40397
20471
44980
28038
51673
44155
27591
26292
58886
18971
33074
38436
1668
24404
6325
49075
23176
45320
58803
44582
46927
5592
26281
24955
45923
41817
57531
30678
3198
453
14102
31692
38543
14465
4869
21136
49048
48938
57632
40795
12554
22582
15691
16927
16405
11520
10385
6799
23322
47992
33990
37373
45700
15590
21632
40304
9447
191
1026
23146
12186
42855
59753
23726
44037
3701
50234
52299
55793
59051
26705
29364
17879
18117
4226
36891
48917
38076
45793
11158
43122
20142
19542
56227
36590
35146
8181
14327
26690
26081
53076
9590
23626
53914
44369
29805
3248
3164
27290
21121
38948
56576
55225
26540
18761
36568
38273
44378
35105
34480
2409
42807
54605
56923
48998
43803
57678
35106
21625
46603
22079
30712
5744
59386
33050
38889
13294
56387
59057
11113
52439
19751
20128
11534
39563
18923
26901
12676
28676
44311
40068
16282
43925
40626
52936
12991
16810
1180
6518
27762
56142
52665
7340
27626
27810
37450
1657
50612
37158
17949
55717
662
10522
15085
35920
21507
55190
15830
47294
42181
5607
1058
40100
47295
49789
38627
58327
52211
45838
56712
12933
46883
2005
40961
5235
15446
46023
57376
16318
44612
3224
5537
30648
37604
345
23851
49450
51849
42812
40310
24948
36028
39933
38608
31344
26042
15495
26333
40096
17079
16845
59354
31848
5106
38373
26960
39231
18647
35362
49165
5956
8269
17292
16917
38679
45198
26472
39234
8538
59900
37199
6300
13476
42508
20613
26672
48132
31405
36999
16607
53935
15785
27848
10283
43674
34403
33434
30849
33930
626
19462
28376
53228
35590
4472
18913
10962
39053
48638
49719
2250
58375
55320
59169
20916
48432
18463
49463
59656
4584
6562
16577
53091
22943
58108
57842
9891
6719
45722
52710
19895
40990
34220
38725
30311
18245
5675
46317
39270
17886
41645
5331
31327
24290
57825
22632
55200
23837
10942
11576
16727
13660
14803
304
7038
59529
53976
449
17883
24233
42931
59193
47376
929
44980
46028
14819
15510
25651
31871
29101
13995
39360
1034
12825
49185
29554
40876
11021
57189
3506
17466
944
29767
44304
53201
51724
35996
34706
48533
31254
38568
30658
51397
5068
30146
23724
20231
12936
25377
18213
38652
13861
10119
42376
42583
47936
42330
7844
50527
4
53050
10597
19621
194
2586
45745
20517
37533
46509
53585
16274
27429
51700
14000
8632
5233
26701
45745
55813
9726
42569
58528
4287
32194
2458
32787
58917
48989
47961
24330
9101
49299
49062
39375
30233
20376
52757
11855
15436
46182
51460
7725
55945
20252
29928
16254
2592
31364
664
29919
16176
39065
41325
26603
4853
42264
32641
56621
45370
12098
51315
35947
58129
36100
49859
28107
48532
25778
10592
45856
31041
13015
36220
47541
17428
45289
57719
9219
9694
39392
29329
58543
3232
48864
45269
29839
57005
10711
21829
53250
14351
3686
32462
20230
58790
28876
46201
3714
50081
4245
24558
34353
9663
35794
20197
57280
30308
52350
11906
16912
54677
6047
13610
39776
23484
8523
10052
8756
13698
14265
12837
28932
3087
2422
36650
32380
22553
59480
1722
46337
42433
69
10171
24472
59443
5577
14645
43465
49603
15312
5348
27442
52243
47374
29091
1598
3467
13514
23614
36651
10063
56069
29704
44871
57118
37120
35481
27727
54800
23882
45249
36561
35169
41423
21245
2644
29337
40531
21626
38928
28575
41126
46922
24014
7996
52907
49400
55260
53236
7441
19919
52959
37668
25883
40319
17121
46087
36373
22533
30979
11366
40758
55799
41760
14133
12331
39772
48191
51332
26140
33410
23928
51701
810
48065
39617
34501
45884
4664
52723
27541
46960
29969
49489
27766
6557
37342
10362
51978
28741
47052
1012
31315
21666
24163
40122
30737
19569
17557
55373
47248
6520
19651
58569
53610
16219
6190
17703
18325
5788
52103
53517
57344
40972
3456
59043
21448
37962
13701
58426
27992
35313
9436
39642
51917
13708
15761
55373
49651
29884
57489
8748
23146
27183
15210
27715
2891
53775
11467
57030
30166
3277
20097
4596
34533
26217
49154
1259
4884
55991
30961
43264
9381
45307
20682
21028
51272
55678
37884
21656
26326
32436
10019
6787
35203
54072
7171
37692
18904
16368
34537
56196
10512
7844
15932
42225
13759
15386
24239
254
57629
16824
34082
28338
17659
42038
33732
51156
33286
32469
639
36212
39501
31602
51361
44270
43293
22239
13842
20082
46340
40268
43119
45352
40949
1408
52908
13062
41685
39582
9066
21140
7170
17884
46278
46580
20188
36257
46755
29029
55703
38476
55037
14752
19283
47803
36321
37423
36637
47120
56467
22636
47204
58060
48946
41738
43193
31365
11190
15147
57237
51219
45495
59401
1896
28636
21600
48162
44278
2423
55974
29859
43052
24694
5340
52040
28676
18452
6801
15577
58046
20992
8282
22182
48402
27610
36001
19644
33226
12030
28879
27891
57307
12520
7206
54314
38093
33241
17881
30197
165
51324
32397
18464
40273
26194
6683
44364
18861
3302
51407
16424
14171
32017
58490
14426
455
52388
9477
33185
16544
28948
46810
46551
28713
24287
40060
43685
5091
34746
24268
28622
56914
11903
51521
9780
16581
14803
18853
10914
5040
9429
2509
18657
57855
45685
6445
24590
18842
52645
7914
40803
7531
8693
27521
37869
18385
8713
39222
20961
14503
15364
48059
12817
21836
12312
58462
26594
1975
781
15345
14808
5859
37374
24414
12179
8913
28528
9601
24562
40483
9942
31203
26281
59663
8871
25758
10241
46846
20469
12153
6895
19120
25084
38833
30560
33997
19915
19019
33669
32177
21433
33933
49219
32221
16301
10823
34118
6377
56005
54984
20174
14012
7247
13328
40753
33674
33779
56168
14258
54867
34419
23422
56782
57095
43131
10594
6892
58983
12161
16909
51158
28516
48208
14338
10036
43954
2146
42708
16053
55561
15378
21405
40042
23839
36613
43275
48740
12279
33214
9759
10261
54607
11522
31506
58916
11617
52812
31510
58292
59653
13260
54036
23277
46989
47587
58276
1604
53452
41321
53950
57727
23192
24220
52227
39268
36169
49580
9931
49962
34222
15327
52366
25525
8368
57499
17790
50134
2025
315
35543
38907
20660
38329
56256
41144
19486
59646
55948
31306
26558
39313
29894
33772
23019
1504
47271
28372
17916
3764
28697
39335
1978
50867
22289
22246
30723
45330
1123
59467
50415
58040
52430
8029
20527
33258
44734
1183
21024
3406
32203
28025
37559
32366
10515
55086
9316
47363
37639
22296
2129
53892
44107
51292
56108
38501
46105
41744
24702
48902
23476
25677
40278
34029
31991
29231
16645
46069
17366
58251
19426
3661
25518
30924
32362
2599
30783
28913
43803
19054
15465
21071
21806
31481
17876
30582
27417
25330
42032
26757
38854
17757
31099
59555
56112
9999
35478
54793
19629
15298
7357
52411
47666
52992
56485
14948
5445
15810
20736
55937
24387
51945
21932
15692
5107
14820
39366
53229
41986
36963
14611
49456
39110
52923
43998
11446
3605
44971
26236
3522
28917
4173
57550
49511
5408
40109
10561
18331
41942
42216
11079
12707
49302
3208
52864
48037
41935
43585
26273
13532
21145
40363
31336
1505
59738
30061
55617
11108
21096
51048
55203
56294
44298
415
5757
43515
40562
20245
958
50891
24304
51767
18839
7135
4573
44286
58258
1717
56510
10599
51221
5197
40731
6563
35704
47244
55058
5086
1935
30982
7812
18910
46829
38087
18762
16602
33381
23123
34712
31501
24812
26140
27009
44424
5429
25106
41027
41315
41120
26708
33058
33439
13203
30492
47034
47959
14338
51722
43952
1245
28001
50775
13358
11191
45519
14685
27947
49868
30310
25148
27521
34960
19818
57585
20156
19942
58336
47456
3766
29721
30235
37119
19854
1728
2762
36548
43883
18640
6649
32393
18441
40825
27114
59916
29783
19964
46285
37312
56488
9390
12865
9703
3048
40356
41716
53817
24327
32207
32888
47897
9702
22749
37539
52480
47013
22625
3763
330
56398
30271
2006
59132
39110
45773
15091
5021
14658
22411
47331
48573
29586
2730
6188
54328
15781
54477
8021
36113
17064
52583
21973
8359
32699
36333
15518
44058
44644
15517
19856
7954
47015
59850
30549
31269
45531
59961
58464
37050
50597
37014
15377
11853
32090
6479
16057
36806
1687
21799
42031
53736
57915
50931
36831
26428
49008
11865
23440
3940
35133
6842
36103
39292
31620
7665
27241
50835
45862
24267
38834
11280
23123
20096
31937
54931
19554
47767
51950
22261
56662
13190
55125
21498
53674
56980
4669
8423
52957
42065
48675
51920
7079
59431
34234
40577
47345
26181
26828
5769
11346
7004
16792
28117
27132
54144
39328
42118
1445
33437
3245
38938
45185
47148
52579
22791
10682
50615
49085
6368
8697
58583
47067
57762
2249
48726
49926
22917
53694
30144
23246
34723
56171
37316
40798
9231
19561
46269
58623
40207
29094
18544
27812
59930
685
39027
34939
47602
23840
26748
23156
48012
39524
50547
30910
55440
27873
4196
13489
5361
4055
37598
43071
22034
18918
2228
51372
3390
7488
15500
31761
10421
11502
27159
25460
11366
53847
48379
33089
35931
28429
13276
30127
31529
52326
39834
33026
12487
8012
54322
17659
59736
31245
41856
987
44581
57989
34931
5787
8821
766
443
1361
27902
37416
44793
3803
34032
13338
40498
49928
52614
35563
20937
29597
45464
49393
42549
54138
41386
12342
33944
55627
18091
30531
29521
34087
14054
28969
37376
2242
40007
53776
22963
55256
20519
51136
26182
7784
54132
14233
44254
33167
37763
28228
14051
1126
47934
58622
28067
59053
2591
13281
14805
5760
33156
7156
35812
9617
38536
38239
22712
11899
36556
17289
17035
46951
27326
6563
29615
8033
9945
21886
41053
35911
13435
30136
46792
36184
52717
53569
20460
48541
36992
25500
46496
8834
13657
14939
9567
21892
28061
43897
23851
22607
12941
11526
46167
55263
54044
54446
59265
30380
516
31054
42551
14827
54474
57458
5999
11027
52212
2424
17653
24742
7465
40895
42369
6462
38010
43731
327
581
59558
51979
330
15694
51358
42075
55867
56408
7944
58559
17256
52390
4014
45426
22976
44532
26563
46233
37215
33051
29695
29296
38206
17662
6423
54759
12097
45508
25546
17362
8548
18986
32196
56245
14451
28067
15761
36233
51929
22247
17878
37051
47605
31819
22009
31622
13016
59617
18385
53586
47697
41325
59947
42882
44112
37673
14248
27392
11911
3224
47662
23320
36800
31716
49950
57167
57332
3183
14430
7661
26938
5458
31211
23110
21569
39517
19378
1135
20530
6346
52683
18765
53685
12570
21561
55464
28079
11534
47345
17594
21333
12275
42516
17426
24992
31105
21223
18286
53955
58666
1309
58505
34291
13529
21179
13495
3036
9928
7046
13545
21606
5578
50485
7328
48247
12515
11983
13081
12478
46649
58487
12783
13924
40900
51988
52468
34004
3610
54152
32627
32551
53224
44538
5022
9892
22646
29486
23819
50815
13811
12434
15010
20703
6485
35152
35587
40106
31127
33243
10706
50633
41111
26764
4085
11945
12210
19888
58884
29069
15886
26015
18750
6704
29887
9393
1179
19292
33817
4847
15658
46669
1302
25088
51796
51795
18856
14316
22151
58033
894
22421
21001
33991
3434
55877
2254
24036
25753
37569
22889
26567
20659
6511
22566
35083
39498
53923
4013
20421
33554
6543
10366
52616
8992
14613
48880
1043
44808
53390
41040
32414
34614
8053
14382
26023
15626
4336
3421
23994
39907
51784
25892
8838
27187
15902
9533
19099
34439
8242
10001
28471
40943
17039
1705
48668
41931
8182
29417
47391
30939
41607
37054
17597
35586
28130
56208
16199
36947
54635
26208
58756
49262
1713
23172
21880
19087
17071
28980
38251
46009
22534
23832
22116
52648
17809
63
37520
1399
28547
4604
1085
2172
38448
35095
43457
46313
25493
30231
58515
24883
8614
44573
10358
31758
53939
59148
2685
8524
26449
21509
30087
30202
36195
33655
50582
8617
26511
46874
54200
58475
45997
20781
28387
17410
39232
25083
56431
28616
30102
5965
48397
55047
32489
40828
17266
802
21783
23823
12900
34026
38762
36204
25349
23914
40733
58094
6044
43446
47432
58469
17245
34995
37503
10819
37948
27868
54647
21281
1107
26758
10617
45125
41818
28806
5008
26998
8853
2064
24295
456
44350
3226
41477
20555
3259
40700
7707
13103
6844
6095
23802
47483
55126
12959
57960
21887
12722
41261
13097
18886
53588
30131
21147
53702
35424
2199
44475
806
58624
54936
55204
56037
6378
7576
46608
16677
2862
47933
45519
17969
44242
23568
58232
47745
29530
40730
34026
48128
35142
40147
39088
36407
12149
722
2710
29664
14490
27777
41151
45126
18177
11405
49613
32772
28496
25384
11425
35721
33976
30164
22783
29259
18856
44754
54996
13108
34913
48419
3469
45868
18277
4953
38285
18340
25453
26680
46292
7578
25683
55561
16571
27773
38162
3779
20791
15250
24277
1827
47733
17770
56544
35745
33811
17789
59124
20957
27837
37863
25460
25982
31353
18985
52208
54454
11202
28911
44898
21198
58531
38326
39388
41697
7874
27724
5710
44687
53131
29489
1796
24150
10657
19186
20923
57804
55725
30565
5082
28780
10176
4234
37856
30574
48160
36204
41893
52316
30721
9240
58695
4585
1051
21603
3894
26519
7672
58287
40325
30645
25826
59858
34840
27703
31084
47771
20546
12354
11999
37823
29171
4543
56889
55295
20411
3409
28422
38745
59029
10579
22502
53352
45781
15612
2049
49970
44796
45677
15478
9080
24708
31816
26277
15012
18476
8753
23055
57701
21021
43934
48528
26759
45693
38553
58386
42892
48955
59251
941
30187
42873
24470
49407
19292
36600
49796
26541
39340
56038
21520
59988
43167
16120
12219
7640
5979
23812
37899
15079
32361
17182
22054
32487
39817
16873
19700
26853
33237
33963
53371
14833
43126
13789
32821
48070
31550
4650
47667
4286
6056
6576
21094
40055
27203
47402
2968
48804
25680
471
56372
57062
29202
42342
9275
57810
773
35449
55988
13755
22651
18756
56269
40346
15767
22416
990
2664
44245
6214
30010
31195
50342
53070
17589
21629
16948
21461
46175
12747
12164
36188
44918
28765
13813
5294
6320
55740
23972
1364
18663
20444
8533
54630
55271
6141
29111
11456
56831
29645
59241
57941
40793
49915
18655
28219
54057
7007
33132
40775
54758
9769
22029
5099
26063
46898
45026
45074
49635
59212
30403
36674
33724
859
21610
12648
36612
41174
35478
3596
53970
28087
23732
50432
20607
56922
20869
27925
2519
23405
48615
30046
31551
57310
6351
31689
7500
46150
6064
40728
29468
2597
47368
26798
16811
6145
32780
19107
38829
8168
23749
27592
28228
56936
52975
30580
42291
38985
44091
17309
57381
32545
37308
18950
3546
8013
51807
31330
2718
49365
44351
59899
42650
56649
5497
49972
25186
41112
36065
30429
17030
7758
26833
37449
50942
7925
46904
25539
7161
54598
37256
7171
50444
47447
57008
42361
22959
42322
46743
50495
47208
16325
137
7156
58802
11493
39660
46370
21762
47636
15646
44234
6591
20465
25001
6300
15399
38505
7822
7022
33837
1882
14829
20832
28
29779
49199
44530
25380
35292
6904
10658
15655
50976
31767
32023
31874
45038
29188
43153
42123
52415
2395
8366
19671
25576
54699
35834
4125
11607
9454
45208
25735
59503
9912
27266
43494
40820
4077
38760
51413
35666
50625
31797
23291
48225
27485
31895
49286
38607
32055
22553
54654
27783
23870
38179
1037
31551
44186
33473
27856
11739
42672
42888
2413
11030
58851
30018
50441
3842
7540
58205
44434
58029
17747
51166
42527
24832
22331
28607
44590
1660
47438
10388
39275
8081
24957
52754
17826
8924
10018
24714
19664
35561
875
54817
13402
10860
16053
23334
38991
12960
56553
49495
17535
10541
27899
20058
48161
50128
10528
15414
54681
40464
10716
40756
41431
20250
49216
50179
46881
17620
36810
6547
32430
56269
26236
25982
48145
1558
42314
34411
38296
23523
1367
52009
47
58515
22134
2560
56889
54069
3531
33913
4255
33317
20896
44331
44090
4826
16728
56894
31116
1727
50750
52982
27865
19561
20051
20801
29655
38806
10899
55862
10091
55741
36846
42589
11167
2042
55922
56340
7741
56500
3266
7878
20644
9399
16050
39629
19416
43877
33044
29520
54349
49087
11065
16805
4022
20353
2471
48380
57100
19744
35737
4159
54710
57751
43772
27601
57000
49011
9685
30909
3246
25295
40778
56622
15713
44345
10114
13480
42446
7352
17631
20983
30962
14594
19051
12968
34294
36161
20331
54250
58873
47829
14942
47049
2867
6863
40357
26876
103
25092
50670
52836
37829
33041
55811
30384
57066
35693
41031
30469
46547
3887
29344
45386
8933
12169
49552
7455
53244
11108
31885
16627
33498
44271
58154
46710
10427
38527
5349
10679
48146
22379
36259
31156
58558
54531
11226
18371
49412
55987
36306
2003
5029
19496
47568
59848
58345
58391
25144
5129
28159
52664
4235
16837
29302
6535
39810
37192
52697
22152
3873
53208
10781
47690
58211
22721
40107
40912
55994
4479
4802
23646
58008
51348
10188
51764
52135
55423
415
15085
49940
2594
37541
45540
45569
18351
1355
21155
37010
55691
56685
4147
59307
29062
13180
12716
27586
59500
45471
51985
57016
29025
3475
47443
56963
15336
34310
20177
26572
49659
35813
53831
57328
10006
48137
58089
45346
16996
19073
36836
13279
20180
49030
53368
8570
10421
54923
19514
38154
19255
53734
51534
7695
2959
36717
3450
30181
28405
41163
3742
34195
53646
48818
33345
45495
29331
19406
49249
35847
13781
18837
57622
28599
44838
6783
54145
32805
18688
50508
15089
33073
9211
21707
43526
6501
52771
46558
47404
5455
941
35922
27787
14607
11043
36184
18627
30135
24186
30698
40795
55587
16924
24974
3995
8289
31960
19491
29462
55817
4722
24991
35102
36340
45608
53983
39459
448
59228
32884
39400
4971
28415
12093
30978
5358
33858
32690
33082
8085
7468
21999
35145
20858
16529
33938
17149
50263
6801
46874
49951
38653
54342
58295
29845
32272
22612
47514
43461
58914
47634
11698
44947
28360
17825
10084
17338
43587
38165
48656
22303
51381
50139
13838
35097
53512
41346
56069
2359
456
42391
54305
28314
36478
19886
17663
25067
26912
50994
7903
28162
50235
45144
9166
14219
11527
49605
24162
47030
8238
28847
49175
8067
44811
491
51076
37930
21209
14418
36940
58136
37011
2353
37614
7543
43728
34649
57523
28348
26604
41079
3696
49766
16874
49456
6489
28514
20391
36038
25108
5578
49961
30096
59161
58228
50509
41137
54768
31399
38724
5201
17421
22398
7593
2741
21161
23783
37627
28492
11147
36086
2011
13773
37905
44465
36410
56733
11212
28835
12749
57765
14828
46377
36503
54086
1564
55076
49085
53602
27900
59140
13034
59985
656
14595
36219
24439
37950
55782
45576
41355
37596
26574
6081
51704
48559
1791
6596
9662
54799
3882
24553
7729
27046
13803
6126
18219
52965
27314
56039
11925
58598
13921
8255
45722
8609
33021
52993
29246
39877
39998
25617
36231
4901
3401
45451
5277
23924
20412
13205
32284
46817
50270
38971
3220
13760
38126
7306
36284
51786
20048
18974
33528
16182
52663
20665
53611
38887
25747
15782
14608
47866
27884
49647
35046
18500
39173
330
33836
23134
3779
14214
12279
5683
9464
42126
39213
36067
40958
13686
45522
28142
14065
32462
10295
9244
4467
11245
17924
22685
5996
3556
15555
55240
7913
22713
32029
7461
16866
18285
23161
50834
39699
53412
34837
36731
24076
19140
36372
23189
11190
55624
30187
43486
32949
25634
35694
53621
29295
21771
35127
33223
47762
13029
39874
20003
17715
13015
40441
42402
14463
40571
52772
48326
27593
15460
46331
40302
36625
45908
34843
55306
45485
25456
35182
25105
22763
27775
58250
18593
15987
3586
18066
19807
25083
29958
38172
54527
33519
52278
24903
23594
37793
38746
40766
18146
13829
40679
30815
42444
35044
42278
13665
53056
26664
10256
11648
16196
49492
28550
5678
11685
22919
6282
25319
40766
50141
12607
56477
39237
36588
49508
49568
49003
35708
20264
25356
29988
15529
13118
51532
1340
7355
9490
39589
32980
29550
14020
42370
22058
32110
27704
35061
11141
18782
55269
34072
1461
32911
5155
34052
41992
21103
52588
3644
8607
14061
6370
21112
55035
6059
8008
55016
53381
57535
58413
44044
59727
50646
14759
33722
16045
5286
53827
33556
44865
26197
44595
32349
44177
3191
23562
52715
22034
10349
24099
59506
47945
23868
48552
36260
59047
36443
27613
55692
58753
55137
44347
8918
54554
44681
41386
5339
2083
7218
1833
33259
38040
2751
25902
9225
32784
3715
7302
16500
46558
32745
15244
59035
40041
23549
49760
26842
7424
13318
14894
18854
27972
40477
24482
4427
50820
11135
50947
759
23611
59829
10731
48024
30910
26461
15050
4059
41078
44026
42638
18679
8414
43250
39141
1200
22219
20331
11769
37752
24741
49623
1277
51667
55324
8642
1127
14538
41646
25419
25970
44139
45540
42302
2406
57281
30106
20308
44250
44523
17415
392
3684
28494
19452
8463
1175
26391
30801
30833
55405
54563
15799
33539
50199
39399
11803
15048
44358
52366
2207
38516
42419
37839
12541
11628
32506
13316
41029
32971
20906
5102
2901
33273
14258
5941
5552
12240
52096
28088
53773
6674
13647
34986
13662
1400
56130
10554
26558
35086
2090
38457
10200
59071
3306
35952
40737
26259
2495
51121
51616
33314
14401
55786
43211
44532
26286
45973
13750
40102
11843
46961
49319
11888
11819
51830
52978
34241
7744
29995
25055
20098
49151
29306
29384
5315
30924
37564
28407
42808
57935
51998
56432
19912
4047
49392
21110
45654
43269
30926
34875
42607
4796
39990
36741
20022
39956
47434
30141
44253
11286
35152
22532
27794
50827
37972
18336
28858
18056
22013
38334
33122
38200
44730
9168
10251
16704
42681
45558
56453
3100
2088
8147
37381
28145
41650
10548
57426
46834
32652
28131
21770
2250
49353
3
12555
59119
43546
34127
22358
20061
56990
1563
44180
29543
3459
2078
56927
30437
17642
41271
42572
44164
28530
24811
59735
40002
54773
35597
18242
24594
54740
22180
3440
49067
15802
13182
59661
52769
11405
11881
17862
42200
45764
23567
23584
56174
20829
40485
12412
41230
54134
46276
18360
4087
35760
33413
5007
56297
51871
12571
13090
58119
51831
3072
6010
46348
48654
30624
36103
30445
4658
41786
9051
39823
8534
37244
47336
9670
28346
33060
59921
33364
30672
34912
44679
56071
28737
48300
41668
4906
27603
58678
5932
15060
10048
17193
11012
25731
42867
46121
59888
9209
983
38127
13315
8235
19663
8631
35927
34132
5898
29343
30068
49832
58443
11982
10819
46404
48213
48508
8977
34938
42993
14637
15492
50766
58598
49357
5233
42937
30868
35700
27193
12868
33039
46204
56972
19818
35110
31416
31614
5113
32339
44429
48771
11506
39877
45490
48089
34017
39907
59639
55976
27159
17768
24370
25869
5213
42290
4073
2229
104
26798
28124
56856
17023
11458
6459
52228
18920
50910
10212
9215
46270
29602
6988
54030
4869
59906
28829
41202
8955
32083
44680
21527
14660
21881
6785
50960
15294
28490
36217
30771
17945
30439
14300
33100
25653
25800
53302
49429
53976
58286
7717
21195
51720
16939
16621
46957
26656
3921
45931
50950
10949
2718
33183
50464
46083
24190
20635
37719
22832
5511
39839
52374
20215
35491
11852
13018
26451
1881
55304
32825
28897
16198
40823
39850
57182
47712
48849
49428
19853
9449
37928
53544
33808
46327
18826
57406
36727
24473
28556
27670
48187
16839
29157
36067
36388
11103
10941
16201
53955
9688
17054
4851
45194
8032
50628
50147
38198
45004
693
45702
7195
20616
49568
50155
2614
5365
21409
9170
49280
56654
30740
52406
17064
23772
57763
25995
50781
47308
48838
7002
51634
57413
20835
11959
46019
36710
4777
10186
14707
9609
20234
10857
53509
25920
40665
1191
58438
30033
56014
9992
59767
27074
4283
41510
50569
17241
49884
26160
22741
25405
51080
15362
26536
7301
57243
511
44651
15417
51432
49900
54475
20453
15556
53427
44275
4901
20992
17655
8897
45012
29058
13818
48863
25485
10279
12403
11388
36456
53315
27558
49908
47943
6339
39729
15555
56858
23416
9338
23828
58747
24357
9836
30351
41449
38387
46096
7925
39701
37084
32283
58041
15366
10436
25665
27272
43
16202
3859
57364
55480
51120
39752
37517
47051
5405
31790
50578
28774
10065
59551
47970
50783
42356
41019
24774
12678
54044
56712
55480
13974
43985
54523
2466
33122
39863
25897
5836
46303
51353
37015
7084
9501
21342
57879
44558
397
42164
43525
1153
4764
43796
51907
8818
58947
8316
44458
35555
11549
59760
2834
59769
3674
23102
15383
39730
42005
52404
52079
38036
29071
20365
46529
31942
57213
17501
6413
12755
20503
19948
28248
54777
25444
33428
59353
45515
54780
17784
43355
8773
56001
42127
51077
23998
22984
37516
40881
17611
24570
22321
45243
54439
26137
59129
1439
19936
30529
15007
24613
52942
662
54524
49710
57164
32818
58711
404
50502
35695
4829
42609
37931
49146
41230
39559
13003
18210
57767
53025
20270
45665
43620
35728
53693
4301
39698
32193
51966
32933
31148
35440
12373
7482
51448
52561
42311
42960
10829
49450
14638
23389
10780
16898
31918
51723
43961
56182
11488
21384
20515
1646
58334
5039
56604
40015
21149
56025
35822
10906
59489
53886
30602
55990
54458
50078
5892
42123
24936
54675
13218
5196
52995
10559
42655
40977
20674
24098
27048
29442
23691
10515
4100
37335
45966
22098
55418
17680
33493
11982
10371
18530
40387
37005
35904
13830
35720
4033
58989
23850
30078
59340
34289
11682
19379
35886
44750
18523
16429
39957
17621
19028
31569
20242
30672
36245
36031
16890
10912
57630
47371
2593
47240
34453
5554
15048
51813
4898
5466
43557
8979
50524
41824
48249
51062
49997
19848
40433
50234
2739
41116
19895
57993
5108
13624
38230
31827
56394
22029
43197
30521
13747
29824
4785
13830
18099
33604
8274
9543
13291
11163
46093
35605
22038
55482
24101
14512
47
23819
19377
35135
23701
17098
36857
11993
34498
38275
48865
50125
36675
14137
38825
44082
52312
47294
37848
15493
18207
32470
55702
58713
59230
39536
41146
29003
7225
47675
22036
26747
32972
49576
27812
11142
35967
7892
48855
6113
23561
151
38954
781
47194
5325
47595
37714
24720
21864
20043
20425
31896
42895
49801
1809
53733
2808
100
51645
7009
32105
21569
51730
31361
20433
5997
46662
2381
57369
18226
26530
42987
2128
19070
43022
5106
30804
57864
15356
40926
36808
5064
58404
9227
54699
59605
15946
22374
16084
51078
36349
49989
46698
50842
17380
5829
1405
32703
31427
15917
57713
39632
25428
19138
45521
25861
50898
47731
54327
45883
29574
34802
26700
24625
36110
43106
4591
41142
23073
7423
10521
41482
38108
826
34013
48508
33046
58408
36804
30560
45406
22701
23093
33999
8944
9956
33711
44043
52938
56267
51868
29385
26570
55144
24256
42264
28349
53081
39290
13247
14215
7514
36930
26230
5015
50308
40819
14170
4079
36960
14074
18812
32344
9946
59591
28692
2592
34064
36871
47107
30310
13582
30828
37654
45964
58081
53813
44694
38739
4726
16148
33317
22172
55625
39763
32038
51181
18786
47928
15986
40942
35985
44809
5759
58881
57671
34710
44116
30779
50330
20101
12667
14359
11515
24611
4334
59920
8541
9127
2536
56213
22893
26783
38231
12481
10647
19003
343
20663
41513
50681
38918
14348
46582
15596
3880
36612
41095
20284
52956
43290
34788
53766
5559
41855
33823
48652
25555
33783
40540
547
1095
31954
46991
